34.0666638 -118.4104924
34.0665668 -118.4103923
34.0665014 -118.4103248
34.0667273 -118.4099972
34.0665706 -118.409998
34.0662954 -118.4099995
34.0662951 -118.4098965
34.0662938 -118.4094603
34.0660018 -118.4094693
34.0650847 -118.4094549
34.0650079 -118.4094537
34.0650067 -118.4089136
34.0650065 -118.4088049
34.0650055 -118.4083685
34.0650042 -118.4078235
34.065003 -118.4072701
34.0650017 -118.4067212
34.0650005 -118.406182
34.0649993 -118.4056447
34.064998 -118.4050931
34.0649968 -118.4045603
34.0622335 -118.4045315
34.0622331 -118.4040156
34.0622334 -118.4034769
34.0601896 -118.4034853
34.0598651 -118.4034866
34.0597 -118.4034873
34.059551 -118.4034879
34.0592474 -118.4034892
34.0575975 -118.4034703
34.0573721 -118.4032338
34.0549014 -118.4009337
34.0548104 -118.4008755
34.0544701 -118.4006983
34.0543634 -118.4010132
34.0539456 -118.4008818
34.0543768 -118.3988496
34.0544351 -118.39887
34.0545947 -118.3982756
34.0546302 -118.3975521
34.054257 -118.3975509
34.054261 -118.3964553
34.054265 -118.3953771
34.054269 -118.3942729
34.054273 -118.3931841
34.054277 -118.3920932
34.054281 -118.39099
34.0542831 -118.3904182
34.0542847 -118.3899891
34.0542866 -118.3894469
34.0547745 -118.3894366
34.0547897 -118.3873899
34.0547636 -118.3863692
34.054379 -118.3843608
34.0542717 -118.3837748
34.0543572 -118.3837626
34.0547569 -118.3837058
34.0554854 -118.3836932
34.0554854 -118.3836932
